1,1658569462
2,1658569462
3,1658569462
4,1658569462
5,1658569462
6,1658569462
7,1658569462
8,1658569462
9,1658569462
10,1658569462
11,1658569462
12,1658569462
13,1658569462
14,1658569462
15,1658569462
16,1658569462
17,1658569462
18,1658569462
19,1658569462
20,1658569462
21,1658569462
22,1658569462
23,1658569462
24,1658569462
25,1658569462
26,1658569462
27,1658569462
28,1658569462
29,1658569462
30,1658569462
31,1658569462
32,1658569462
33,1658569462
34,1658569462
35,1658569462
36,1658569462
37,1658569462
38,1658569462
39,1658569462
40,1658569462
41,1658569462
42,1658569462
43,1658569462
44,1658569462
45,1658569462
46,1658569462
47,1658569462
48,1658569462
49,1658569462
50,1658569462
51,1658569462
52,1658569462
53,1658569462
54,1658569462
55,1658569462
56,1658569462
57,1658569462
58,1658569462
59,1658569462
60,1658569462
61,1658569462
62,1658569462
63,1658569462
64,1658569462
65,1658569462
66,1658569462
67,1658569462
68,1658569462
69,1658569462
70,1658569462
71,1658569462
72,1658569462
73,1658569462
74,1658569462
75,1658569462
76,1658569462
77,1658569462
78,1658569462
79,1658569462
80,1658569462
81,1658569462
82,1658569462
83,1658569462
84,1658569462
85,1658569462
86,1658569462
87,1658569462
88,1658569462
89,1658569462
90,1658569462
91,1658569462
92,1658569462
93,1658569462
94,1658569462
95,1658569462
96,1658569462
97,1658569462
98,1658569462
99,1658569462
100,1658569462
101,1658569462
102,1658569462
103,1658569462
104,1658569462
105,1658569462
106,1658569462
107,1658569462
108,1658569462
109,1658569462
110,1658569462
111,1658569462
112,1658569462
113,1658569462
114,1658569462
115,1658569462
116,1658569462
117,1658569462
118,1658569462
119,1658569462
120,1658569462
121,1658569462
122,1658569462
123,1658569462
124,1658569462
125,1658569462
126,1658569462
127,1658569462
128,1658569462
129,1658569462
130,1658569462
131,1658569462
132,1658569462
133,1658569462
134,1658569462
135,1658569462
136,1658569462
137,1658569462
138,1658569462
139,1658569462
140,1658569462
141,1658569462
142,1658569462
143,1658569462
144,1658569462
145,1658569462
146,1658569462
147,1658569462
148,1658569462
149,1658569462
150,1658569462
151,1658569462
152,1658569462
153,1658569462
154,1658569462
155,1658569462
156,1658569462
157,1658569462
158,1658569462
159,1658569462
160,1658569462
161,1658569462
162,1658569462
163,1658569462
164,1658569462
165,1658569462
166,1658569462
167,1658569462
168,1658569462
169,1658569462
170,1658569462
171,1658569462
172,1658569462
173,1658569462
174,1658569462
175,1658569462
176,1658569462
177,1658569462
178,1658569462
179,1658569462
180,1658569462
181,1658569462
182,1658569462
183,1658569462
184,1658569462
185,1658569462
186,1658569462
187,1658569462
188,1658569462
189,1658569462
190,1658569462
191,1658569462
192,1658569462
193,1658569462
194,1658569462
195,1658569462
196,1658569462
197,1658569462
198,1658569462
199,1658569462
200,1658569462
201,1658569462
202,1658569462
203,1658569462
204,1658569462
205,1658569462
206,1658569462
207,1658569462
208,1658569462
209,1658569462
210,1658569462
211,1658569462
212,1658569462
213,1658569462
214,1658569462
215,1658569462
216,1658569462
217,1658569462
218,1658569462
219,1658569462
220,1658569462
221,1658569462
222,1658569462
223,1658569462
224,1658569462
225,1658569462
226,1658569462
227,1658569462
228,1658569462
229,1658569462
230,1658569462
231,1658569462
232,1658569462
233,1658569462
234,1658569462
235,1658569462
236,1658569462
237,1658569462
238,1658569462
239,1658569462
240,1658569462
241,1658569462
242,1658569462
243,1658569462
244,1658569462
245,1658569462
246,1658569462
247,1658569462
248,1658569462
249,1658569462
250,1658569462
251,1658569462
252,1658569462
253,1658569462
254,1658569462
255,1658569462
256,1658569462
257,1658569462
258,1658569462
259,1658569462
260,1658569462
261,1658569462
262,1658569462
263,1658569462
264,1658569462
265,1658569462
266,1658569462
267,1658569462
268,1658569462
269,1658569462
270,1658569462
271,1658569462
272,1658569462
273,1658569462
274,1658569462
275,1658569462
276,1658569462
277,1658569462
278,1658569462
279,1658569462
280,1658569462
281,1658569462
282,1658569462
283,1658569462
284,1658569462
285,1658569462
286,1658569462
287,1658569462
288,1658569462
289,1658569462
290,1658569462
291,1658569462
292,1658569462
293,1658569462
294,1658569462
295,1658569462
296,1658569462
297,1658569462
298,1658569462
299,1658569462
300,1658569462
301,1658569462
302,1658569462
303,1658569462
304,1658569462
305,1658569462
306,1658569462
307,1658569462
308,1658569462
309,1658569462
310,1658569462
311,1658569462
312,1658569462
313,1658569462
314,1658569462
315,1658569462
316,1658569462
317,1658569462
318,1658569462
319,1658569462
320,1658569462
321,1658569462
322,1658569462
323,1658569462
324,1658569462
325,1658569462
326,1658569462
327,1658569462
328,1658569462
329,1658569462
330,1658569462
331,1658569462
332,1658569462
333,1658569462
334,1658569462
335,1658569462
336,1658569462
337,1658569462
338,1658569462
339,1658569462
340,1658569462
341,1658569462
342,1658569462
343,1658569462
344,1658569462
345,1658569462
346,1658569462
347,1658569462
348,1658569462
349,1658569462
350,1658569462
351,1658569462
352,1658569462
353,1658569462
354,1658569462
355,1658569462
356,1658569462
357,1658569462
358,1658569462
359,1658569462
360,1658569462
361,1658569462
362,1658569462
363,1658569462
364,1658569462
365,1658569462
366,1658569462
367,1658569462
368,1658569462
369,1658569462
370,1658569462
371,1658569462
372,1658569462
373,1658569462
374,1658569462
375,1658569462
376,1658569462
377,1658569462
378,1658569462
379,1658569462
380,1658569462
381,1658569462
382,1658569462
383,1658569462
384,1658569462
385,1658569462
386,1658569462
387,1658569462
388,1658569462
389,1658569462
390,1658569462
391,1658569462
392,1658569462
393,1658569462
394,1658569462
395,1658569462
396,1658569462
397,1658569462
398,1658569462
399,1658569462
400,1658569462
401,1658569462
402,1658569462
403,1658569462
404,1658569462
405,1658569462
406,1658569462
407,1658569462
408,1658569462
409,1658569462
410,1658569462
411,1658569462
412,1658569462
413,1658569462
414,1658569462
415,1658569462
416,1658569462
417,1658569462
418,1658569462
419,1658569462
420,1658569462
421,1658569462
422,1658569462
423,1658569462
424,1658569462
425,1658569462
426,1658569462
427,1658569462
428,1658569462
429,1658569462
430,1658569462
431,1658569462
432,1658569462
433,1658569462
434,1658569462
435,1658569462
436,1658569462
437,1658569462
438,1658569462
439,1658569462
440,1658569462
441,1658569462
442,1658569462
443,1658569462
444,1658569462
445,1658569462
446,1658569462
447,1658569462
448,1658569462
449,1658569462
450,1658569462
451,1658569462
452,1658569462
453,1658569462
454,1658569462
455,1658569462
456,1658569462
457,1658569462
458,1658569462
459,1658569462
460,1658569462
461,1658569462
462,1658569462
463,1658569462
464,1658569462
465,1658569462
466,1658569462
467,1658569462
468,1658569462
469,1658569462
470,1658569462
471,1658569462
472,1658569462
473,1658569462
474,1658569462
475,1658569462
476,1658569462
477,1658569462
478,1658569462
479,1658569462
480,1658569462
481,1658569462
482,1658569462
483,1658569462
484,1658569462
485,1658569462
486,1658569462
487,1658569462
488,1658569462
489,1658569462
490,1658569462
491,1658569462
492,1658569462
493,1658569462
494,1658569462
495,1658569462
496,1658569462
497,1658569462
498,1658569462
499,1658569462
500,1658569462
501,1658569462
502,1658569462
503,1658569462
504,1658569462
505,1658569462
506,1658569462
507,1658569462
508,1658569462
509,1658569462
510,1658569462
511,1658569462
512,1658569462
513,1658569462
514,1658569462
515,1658569462
516,1658569462
517,1658569462
518,1658569462
519,1658569462
520,1658569462
521,1658569462
522,1658569462
523,1658569462
524,1658569462
525,1658569462
526,1658569462
527,1658569462
528,1658569462
529,1658569462
530,1658569462
531,1658569462
532,1658569462
533,1658569462
534,1658569462
535,1658569462
536,1658569462
537,1658569462
538,1658569462
539,1658569462
540,1658569462
541,1658569462
542,1658569462
543,1658569462
544,1658569462
545,1658569462
546,1658569462
547,1658569462
548,1658569462
549,1658569462
550,1658569462
551,1658569462
552,1658569462
553,1658569462
554,1658569462
555,1658569462
556,1658569462
557,1658569462
558,1658569462
559,1658569462
560,1658569462
561,1658569462
562,1658569462
563,1658569462
564,1658569462
565,1658569462
566,1658569462
567,1658569462
568,1658569462
569,1658569462
570,1658569462
571,1658569462
572,1658569462
573,1658569462
574,1658569462
575,1658569462
576,1658569462
577,1658569462
578,1658569462
579,1658569462
580,1658569462
581,1658569462
582,1658569462
583,1658569462
584,1658569462
585,1658569462
586,1658569462
587,1658569462
588,1658569462
589,1658569462
590,1658569462
591,1658569462
592,1658569462
593,1658569462
594,1658569462
595,1658569462
596,1658569462
597,1658569462
598,1658569462
599,1658569462
600,1658569462
601,1658569462
602,1658569462
603,1658569462
604,1658569462
605,1658569462
606,1658569462
607,1658569462
608,1658569462
609,1658569462
610,1658569462
611,1658569462
612,1658569462
613,1658569462
614,1658569462
615,1658569462
616,1658569462
617,1658569462
618,1658569462
619,1658569462
620,1658569462
621,1658569462
622,1658569462
623,1658569462
624,1658569462
625,1658569462
626,1658569462
627,1658569462
628,1658569462
629,1658569462
630,1658569462
631,1658569462
632,1658569462
633,1658569462
634,1658569462
635,1658569462
636,1658569462
637,1658569462
638,1658569462
639,1658569462
640,1658569462
641,1658569462
642,1658569462
643,1658569462
644,1658569462
645,1658569462
646,1658569462
647,1658569462
648,1658569462
649,1658569462
650,1658569462
651,1658569462
652,1658569462
653,1658569462
654,1658569462
655,1658569462
656,1658569462
657,1658569462
658,1658569462
659,1658569462
660,1658569462
661,1658569462
662,1658569462
663,1658569462
664,1658569462
665,1658569462
666,1658569462
667,1658569462
668,1658569462
669,1658569462
670,1658569462
671,1658569462
672,1658569462
673,1658569462
674,1658569462
675,1658569462
676,1658569462
677,1658569462
678,1658569462
679,1658569462
680,1658569462
681,1658569462
682,1658569462
683,1658569462
684,1658569462
685,1658569462
686,1658569462
687,1658569462
688,1658569462
689,1658569462
690,1658569462
691,1658569462
692,1658569462
693,1658569462
694,1658569462
695,1658569462
696,1658569462
697,1658569462
698,1658569462
699,1658569462
700,1658569462
701,1658569462
702,1658569462
703,1658569462
704,1658569462
705,1658569462
706,1658569462
707,1658569462
708,1658569462
709,1658569462
710,1658569462
711,1658569462
712,1658569462
713,1658569462
714,1658569462
715,1658569462
716,1658569462
717,1658569462
718,1658569462
719,1658569462
720,1658569462
721,1658569462
722,1658569462
723,1658569462
724,1658569462
725,1658569462
726,1658569462
727,1658569462
728,1658569462
729,1658569462
730,1658569462
731,1658569462
732,1658569462
733,1658569462
734,1658569462
735,1658569462
736,1658569462
737,1658569462
738,1658569462
739,1658569462
740,1658569462
741,1658569462
742,1658569462
743,1658569462
744,1658569462
745,1658569462
746,1658569462
747,1658569462
748,1658569462
749,1658569462
750,1658569462
751,1658569462
752,1658569462
753,1658569462
754,1658569462
755,1658569462
756,1658569462
757,1658569462
758,1658569462
759,1658569462
760,1658569462
761,1658569462
762,1658569462
763,1658569462
764,1658569462
765,1658569462
766,1658569462
767,1658569462
768,1658569462
769,1658569462
770,1658569462
771,1658569462
772,1658569462
773,1658569462
774,1658569462
775,1658569462
776,1658569462
777,1658569462
778,1658569462
779,1658569462
780,1658569462
781,1658569462
782,1658569462
783,1658569462
784,1658569462
785,1658569462
786,1658569462
787,1658569462
788,1658569462
789,1658569462
790,1658569462
791,1658569462
792,1658569462
793,1658569462
794,1658569462
795,1658569462
796,1658569462
797,1658569462
798,1658569462
799,1658569462
800,1658569462
801,1658569462
802,1658569462
803,1658569462
804,1658569462
805,1658569462
806,1658569462
807,1658569462
808,1658569462
809,1658569462
810,1658569462
811,1658569462
812,1658569462
813,1658569462
814,1658569462
815,1658569462
816,1658569462
817,1658569462
818,1658569462
819,1658569462
820,1658569462
821,1658569462
822,1658569462
823,1658569462
824,1658569462
825,1658569462
826,1658569462
827,1658569462
828,1658569462
829,1658569462
830,1658569462
831,1658569462
832,1658569462
833,1658569462
834,1658569462
835,1658569462
836,1658569462
837,1658569462
838,1658569462
839,1658569462
840,1658569462
841,1658569462
842,1658569462
843,1658569462
844,1658569462
845,1658569462
846,1658569462
847,1658569463
848,1658569463
849,1658569463
850,1658569463
851,1658569463
852,1658569463
853,1658569463
854,1658569463
855,1658569463
856,1658569463
857,1658569463
858,1658569463
859,1658569463
860,1658569463
861,1658569463
862,1658569463
863,1658569463
864,1658569463
865,1658569463
866,1658569463
867,1658569463
868,1658569463
869,1658569463
870,1658569463
871,1658569463
872,1658569463
873,1658569463
874,1658569463
875,1658569463
876,1658569463
877,1658569463
878,1658569463
879,1658569463
880,1658569463
881,1658569463
882,1658569463
883,1658569463
884,1658569463
885,1658569463
886,1658569463
887,1658569463
888,1658569463
889,1658569463
890,1658569463
891,1658569463
892,1658569463
893,1658569463
894,1658569463
895,1658569463
896,1658569463
897,1658569463
898,1658569463
899,1658569463
900,1658569463
901,1658569463
902,1658569463
903,1658569463
904,1658569463
905,1658569463
906,1658569463
907,1658569463
908,1658569463
909,1658569463
910,1658569463
911,1658569463
912,1658569463
913,1658569463
914,1658569463
915,1658569463
916,1658569463
917,1658569463
918,1658569463
919,1658569463
920,1658569463
921,1658569463
922,1658569463
923,1658569463
924,1658569463
925,1658569463
926,1658569463
927,1658569463
928,1658569463
929,1658569463
930,1658569463
931,1658569463
932,1658569463
933,1658569463
934,1658569463
935,1658569463
936,1658569463
937,1658569463
938,1658569463
939,1658569463
940,1658569463
941,1658569463
942,1658569463
943,1658569463
944,1658569463
945,1658569463
946,1658569463
947,1658569463
948,1658569463
949,1658569463
950,1658569463
951,1658569463
952,1658569463
953,1658569463
954,1658569463
955,1658569463
956,1658569463
957,1658569463
958,1658569463
959,1658569463
960,1658569463
961,1658569463
962,1658569463
963,1658569463
964,1658569463
965,1658569463
966,1658569463
967,1658569463
968,1658569463
969,1658569463
970,1658569463
971,1658569463
972,1658569463
973,1658569463
974,1658569463
975,1658569463
976,1658569463
977,1658569463
978,1658569463
979,1658569463
980,1658569463
981,1658569463
982,1658569463
983,1658569463
984,1658569463
985,1658569463
986,1658569463
987,1658569463
988,1658569463
989,1658569463
990,1658569463
991,1658569463
992,1658569463
993,1658569463
994,1658569463
995,1658569463
996,1658569463
997,1658569463
998,1658569463
999,1658569463
1000,1658569463
1001,1658569463
1002,1658569463
1003,1658569463
1004,1658569463
1005,1658569463
1006,1658569463
1007,1658569463
1008,1658569463
1009,1658569463
1010,1658569463
1011,1658569463
1012,1658569463
1013,1658569463
1014,1658569463
1015,1658569463
1016,1658569463
1017,1658569463
1018,1658569463
1019,1658569463
1020,1658569463
1021,1658569463
1022,1658569463
1023,1658569463
1024,1658569463
1025,1658569463
1026,1658569463
1027,1658569463
1028,1658569463
1029,1658569463
1030,1658569463
1031,1658569463
1032,1658569463
1033,1658569463
1034,1658569463
1035,1658569463
1036,1658569463
1037,1658569463
1038,1658569463
1039,1658569463
1040,1658569463
1041,1658569463
1042,1658569463
1043,1658569463
1044,1658569463
1045,1658569463
1046,1658569463
1047,1658569463
1048,1658569463
1049,1658569463
1050,1658569463
1051,1658569463
1052,1658569463
1053,1658569463
1054,1658569463
1055,1658569463
1056,1658569463
1057,1658569463
1058,1658569463
1059,1658569463
1060,1658569463
1061,1658569463
1062,1658569463
1063,1658569463
1064,1658569463
1065,1658569463
1066,1658569463
1067,1658569463
1068,1658569463
1069,1658569463
1070,1658569463
1071,1658569463
1072,1658569463
1073,1658569463
1074,1658569463
1075,1658569463
1076,1658569463
1077,1658569463
1078,1658569463
1079,1658569463
1080,1658569463
1081,1658569463
1082,1658569463
1083,1658569463
1084,1658569463
1085,1658569463
1086,1658569463
1087,1658569463
1088,1658569463
1089,1658569463
1090,1658569463
1091,1658569463
1092,1658569463
1093,1658569463
1094,1658569463
1095,1658569463
1096,1658569463
1097,1658569463
1098,1658569463
1099,1658569463
1100,1658569463
1101,1658569463
1102,1658569463
1103,1658569463
1104,1658569463
1105,1658569463
1106,1658569463
1107,1658569463
1108,1658569463
1109,1658569463
1110,1658569463
1111,1658569463
1112,1658569463
1113,1658569463
1114,1658569463
1115,1658569463
1116,1658569463
1117,1658569463
1118,1658569463
1119,1658569463
1120,1658569463
1121,1658569463
1122,1658569463
1123,1658569463
1124,1658569463
1125,1658569463
1126,1658569463
1127,1658569463
1128,1658569463
1129,1658569463
1130,1658569463
1131,1658569463
1132,1658569463
1133,1658569463
1134,1658569463
1135,1658569463
1136,1658569463
1137,1658569463
1138,1658569463
1139,1658569463
1140,1658569463
1141,1658569463
1142,1658569463
1143,1658569463
1144,1658569463
1145,1658569463
1146,1658569463
1147,1658569463
1148,1658569463
1149,1658569463
1150,1658569463
1151,1658569463
1152,1658569463
1153,1658569463
1154,1658569463
1155,1658569463
1156,1658569463
1157,1658569463
1158,1658569463
1159,1658569463
1160,1658569463
1161,1658569463
1162,1658569463
1163,1658569463
1164,1658569463
1165,1658569463
1166,1658569463
1167,1658569463
1168,1658569463
1169,1658569463
1170,1658569463
1171,1658569463
1172,1658569463
1173,1658569463
1174,1658569463
1175,1658569463
1176,1658569463
1177,1658569463
1178,1658569463
1179,1658569463
1180,1658569463
1181,1658569463
1182,1658569463
1183,1658569463
1184,1658569463
1185,1658569463
1186,1658569463
1187,1658569463
1188,1658569463
1189,1658569463
1190,1658569463
1191,1658569463
1192,1658569463
1193,1658569463
1194,1658569463
1195,1658569463
1196,1658569463
1197,1658569463
1198,1658569463
1199,1658569463
1200,1658569463
1201,1658569463
1202,1658569463
1203,1658569463
1204,1658569463
1205,1658569463
1206,1658569463
1207,1658569463
1208,1658569463
1209,1658569463
1210,1658569463
1211,1658569463
1212,1658569463
1213,1658569463
1214,1658569463
1215,1658569463
1216,1658569463
1217,1658569463
1218,1658569463
1219,1658569463
1220,1658569463
1221,1658569463
1222,1658569463
1223,1658569463
1224,1658569463
1225,1658569463
1226,1658569463
1227,1658569463
1228,1658569463
1229,1658569463
1230,1658569463
1231,1658569463
1232,1658569463
1233,1658569463
1234,1658569463
1235,1658569463
1236,1658569463
1237,1658569463
1238,1658569463
1239,1658569463
1240,1658569463
1241,1658569463
1242,1658569463
1243,1658569463
1244,1658569463
1245,1658569463
1246,1658569463
1247,1658569463
1248,1658569463
1249,1658569463
1250,1658569463
1251,1658569463
1252,1658569463
1253,1658569463
1254,1658569463
1255,1658569463
1256,1658569463
1257,1658569463
1258,1658569463
1259,1658569463
1260,1658569463
1261,1658569463
1262,1658569463
1263,1658569463
1264,1658569463
1265,1658569463
1266,1658569463
1267,1658569463
1268,1658569463
1269,1658569463
1270,1658569463
1271,1658569463
1272,1658569463
1273,1658569463
1274,1658569463
1275,1658569463
1276,1658569463
1277,1658569463
1278,1658569463
1279,1658569463
1280,1658569463
1281,1658569463
1282,1658569463
1283,1658569463
1284,1658569463
1285,1658569463
1286,1658569463
1287,1658569463
1288,1658569463
1289,1658569463
1290,1658569463
1291,1658569463
1292,1658569463
1293,1658569463
1294,1658569463
1295,1658569463
1296,1658569463
1297,1658569463
1298,1658569463
1299,1658569463
1300,1658569463
1301,1658569463
1302,1658569463
1303,1658569463
1304,1658569463
1305,1658569463
1306,1658569463
1307,1658569463
1308,1658569463
1309,1658569463
1310,1658569463
1311,1658569463
1312,1658569463
1313,1658569463
1314,1658569463
1315,1658569463
1316,1658569463
1317,1658569463
1318,1658569463
1319,1658569463
1320,1658569463
1321,1658569463
1322,1658569463
1323,1658569463
1324,1658569463
1325,1658569463
1326,1658569463
1327,1658569463
1328,1658569463
1329,1658569463
1330,1658569463
1331,1658569463
1332,1658569463
1333,1658569463
1334,1658569463
1335,1658569463
1336,1658569463
1337,1658569463
1338,1658569463
1339,1658569463
1340,1658569463
1341,1658569463
1342,1658569463
1343,1658569463
1344,1658569463
1345,1658569463
1346,1658569463
1347,1658569463
1348,1658569463
1349,1658569463
1350,1658569463
1351,1658569463
1352,1658569463
1353,1658569463
1354,1658569463
1355,1658569463
1356,1658569463
1357,1658569463
1358,1658569463
1359,1658569463
1360,1658569463
1361,1658569463
1362,1658569463
1363,1658569463
1364,1658569463
1365,1658569463
1366,1658569463
1367,1658569463
1368,1658569463
1369,1658569463
1370,1658569463
1371,1658569463
1372,1658569463
1373,1658569463
1374,1658569463
1375,1658569463
1376,1658569463
1377,1658569463
1378,1658569463
1379,1658569463
1380,1658569463
1381,1658569463
1382,1658569463
1383,1658569463
1384,1658569463
1385,1658569463
1386,1658569463
1387,1658569463
1388,1658569463
1389,1658569463
1390,1658569463
1391,1658569463
1392,1658569463
1393,1658569463
1394,1658569463
1395,1658569463
1396,1658569463
1397,1658569463
1398,1658569463
1399,1658569463
1400,1658569463
1401,1658569463
1402,1658569463
1403,1658569463
1404,1658569463
1405,1658569463
1406,1658569463
1407,1658569463
1408,1658569463
1409,1658569463
1410,1658569463
1411,1658569463
1412,1658569463
1413,1658569463
1414,1658569463
1415,1658569463
1416,1658569463
1417,1658569463
1418,1658569463
1419,1658569463
1420,1658569463
1421,1658569463
1422,1658569463
1423,1658569463
1424,1658569463
1425,1658569463
1426,1658569463
1427,1658569463
1428,1658569463
1429,1658569463
1430,1658569463
1431,1658569463
1432,1658569463
1433,1658569463
1434,1658569463
1435,1658569463
1436,1658569463
1437,1658569463
1438,1658569463
1439,1658569463
1440,1658569463
1441,1658569463
1442,1658569463
1443,1658569463
1444,1658569463
1445,1658569463
1446,1658569463
1447,1658569463
1448,1658569463
1449,1658569463
1450,1658569463
1451,1658569463
1452,1658569463
1453,1658569463
1454,1658569463
1455,1658569463
1456,1658569463
1457,1658569463
1458,1658569463
1459,1658569463
1460,1658569463
1461,1658569463
1462,1658569463
1463,1658569463
1464,1658569463
1465,1658569463
1466,1658569463
1467,1658569463
1468,1658569463
1469,1658569463
1470,1658569463
1471,1658569463
1472,1658569463
1473,1658569463
1474,1658569463
1475,1658569463
1476,1658569463
1477,1658569463
1478,1658569463
1479,1658569463
1480,1658569463
1481,1658569463
1482,1658569463
1483,1658569463
1484,1658569463
1485,1658569463
1486,1658569463
1487,1658569463
1488,1658569463
1489,1658569463
1490,1658569463
1491,1658569463
1492,1658569463
1493,1658569463
1494,1658569463
1495,1658569463
1496,1658569463
1497,1658569463
1498,1658569463
1499,1658569463
1500,1658569463
1501,1658569463
1502,1658569463
1503,1658569463
1504,1658569463
1505,1658569463
1506,1658569463
1507,1658569463
1508,1658569463
1509,1658569463
1510,1658569463
1511,1658569463
1512,1658569463
1513,1658569463
1514,1658569463
1515,1658569463
1516,1658569463
1517,1658569463
1518,1658569463
1519,1658569463
1520,1658569463
1521,1658569463
1522,1658569463
1523,1658569463
1524,1658569463
1525,1658569463
1526,1658569463
1527,1658569463
1528,1658569463
1529,1658569463
1530,1658569463
1531,1658569463
1532,1658569463
1533,1658569463
1534,1658569463
1535,1658569463
1536,1658569463
1537,1658569463
1538,1658569463
1539,1658569463
1540,1658569463
1541,1658569463
1542,1658569463
1543,1658569463
1544,1658569463
1545,1658569463
1546,1658569463
1547,1658569463
1548,1658569463
1549,1658569463
1550,1658569463
1551,1658569463
1552,1658569463
1553,1658569463
1554,1658569463
1555,1658569463
1556,1658569463
1557,1658569463
1558,1658569463
1559,1658569463
1560,1658569463
1561,1658569463
1562,1658569463
1563,1658569463
1564,1658569463
1565,1658569463
1566,1658569463
1567,1658569463
1568,1658569463
1569,1658569463
1570,1658569463
1571,1658569463
1572,1658569463
1573,1658569463
1574,1658569463
1575,1658569463
1576,1658569463
1577,1658569463
1578,1658569463
1579,1658569463
1580,1658569463
1581,1658569463
1582,1658569463
1583,1658569463
1584,1658569463
1585,1658569463
1586,1658569463
1587,1658569463
1588,1658569463
1589,1658569463
1590,1658569463
1591,1658569463
1592,1658569463
1593,1658569463
1594,1658569463
1595,1658569463
1596,1658569463
1597,1658569463
1598,1658569463
1599,1658569463
1600,1658569463
1601,1658569463
1602,1658569463
1603,1658569463
1604,1658569463
1605,1658569463
1606,1658569463
1607,1658569463
1608,1658569463
1609,1658569463
1610,1658569463
1611,1658569463
1612,1658569463
1613,1658569463
1614,1658569463
1615,1658569463
1616,1658569463
1617,1658569463
1618,1658569463
1619,1658569463
1620,1658569463
1621,1658569463
1622,1658569463
1623,1658569463
1624,1658569463
1625,1658569463
1626,1658569463
1627,1658569463
1628,1658569463
1629,1658569463
1630,1658569463
1631,1658569463
1632,1658569463
1633,1658569463
1634,1658569463
1635,1658569463
1636,1658569463
1637,1658569463
1638,1658569463
1639,1658569463
1640,1658569463
1641,1658569463
1642,1658569463
1643,1658569463
1644,1658569463
1645,1658569463
1646,1658569463
1647,1658569463
1648,1658569463
1649,1658569463
1650,1658569463
1651,1658569463
1652,1658569463
1653,1658569463
1654,1658569463
1655,1658569463
1656,1658569463
1657,1658569463
1658,1658569463
1659,1658569463
1660,1658569463
1661,1658569463
1662,1658569463
1663,1658569463
1664,1658569463
1665,1658569463
1666,1658569463
1667,1658569463
1668,1658569463
1669,1658569463
1670,1658569463
1671,1658569463
1672,1658569463
1673,1658569463
1674,1658569463
1675,1658569463
1676,1658569463
1677,1658569463
1678,1658569463
1679,1658569463
1680,1658569463
1681,1658569463
1682,1658569463
1683,1658569463
1684,1658569463
1685,1658569463
1686,1658569463
1687,1658569463
1688,1658569463
1689,1658569463
1690,1658569463
1691,1658569463
